*vertices 144
1 325487114 0.0 0.0 ellipse
2 261478413 0.0 0.0 ellipse
3 200659435 0.0 0.0 ellipse
4 316002393 0.0 0.0 ellipse
5 293997753 0.0 0.0 ellipse
6 619056986 0.0 0.0 ellipse
7 273008741 0.0 0.0 ellipse
8 181344806 0.0 0.0 ellipse
9 322329128 0.0 0.0 ellipse
10 2288410887 0.0 0.0 ellipse
11 546721336 0.0 0.0 ellipse
12 1925612814 0.0 0.0 ellipse
13 214327737 0.0 0.0 ellipse
14 1653990758 0.0 0.0 ellipse
15 593560722 0.0 0.0 ellipse
16 474331796 0.0 0.0 ellipse
17 1622035310 0.0 0.0 ellipse
18 42883734 0.0 0.0 ellipse
19 566646724 0.0 0.0 ellipse
20 580274330 0.0 0.0 ellipse
21 51724443 0.0 0.0 ellipse
22 167146653 0.0 0.0 ellipse
23 432414882 0.0 0.0 ellipse
24 179900444 0.0 0.0 ellipse
25 511040627 0.0 0.0 ellipse
26 2295716297 0.0 0.0 ellipse
27 20327028 0.0 0.0 ellipse
28 27325983 0.0 0.0 ellipse
29 259415228 0.0 0.0 ellipse
30 415825525 0.0 0.0 ellipse
31 909708481 0.0 0.0 ellipse
32 3008774338 0.0 0.0 ellipse
33 414594756 0.0 0.0 ellipse
34 752255688 0.0 0.0 ellipse
35 481683660 0.0 0.0 ellipse
36 1470506018 0.0 0.0 ellipse
37 148268238 0.0 0.0 ellipse
38 28739277 0.0 0.0 ellipse
39 293987790 0.0 0.0 ellipse
40 2176170617 0.0 0.0 ellipse
41 111561944 0.0 0.0 ellipse
42 409329369 0.0 0.0 ellipse
43 2298104026 0.0 0.0 ellipse
44 233197588 0.0 0.0 ellipse
45 796939999 0.0 0.0 ellipse
46 505811169 0.0 0.0 ellipse
47 2729820898 0.0 0.0 ellipse
48 90969723 0.0 0.0 ellipse
49 84290598 0.0 0.0 ellipse
50 1055319270 0.0 0.0 ellipse
51 398886865 0.0 0.0 ellipse
52 111549167 0.0 0.0 ellipse
53 66463784 0.0 0.0 ellipse
54 1046381011 0.0 0.0 ellipse
55 383137022 0.0 0.0 ellipse
56 391515394 0.0 0.0 ellipse
57 2980475009 0.0 0.0 ellipse
58 52822110 0.0 0.0 ellipse
59 778419330 0.0 0.0 ellipse
60 552771854 0.0 0.0 ellipse
61 151410959 0.0 0.0 ellipse
62 341562640 0.0 0.0 ellipse
63 294252760 0.0 0.0 ellipse
64 144042771 0.0 0.0 ellipse
65 162069269 0.0 0.0 ellipse
66 864402199 0.0 0.0 ellipse
67 2978343556 0.0 0.0 ellipse
68 320228638 0.0 0.0 ellipse
69 51756337 0.0 0.0 ellipse
70 2941664818 0.0 0.0 ellipse
71 1205198216 0.0 0.0 ellipse
72 471211826 0.0 0.0 ellipse
73 634781672 0.0 0.0 ellipse
74 104196921 0.0 0.0 ellipse
75 1109810490 0.0 0.0 ellipse
76 253082428 0.0 0.0 ellipse
77 163121473 0.0 0.0 ellipse
78 146032451 0.0 0.0 ellipse
79 522778730 0.0 0.0 ellipse
80 267762505 0.0 0.0 ellipse
81 906369079 0.0 0.0 ellipse
82 244706638 0.0 0.0 ellipse
83 254343507 0.0 0.0 ellipse
84 1035975510 0.0 0.0 ellipse
85 817259354 0.0 0.0 ellipse
86 44460895 0.0 0.0 ellipse
87 80099169 0.0 0.0 ellipse
88 974518628 0.0 0.0 ellipse
89 610258440 0.0 0.0 ellipse
90 1388695399 0.0 0.0 ellipse
91 1054212668 0.0 0.0 ellipse
92 910589802 0.0 0.0 ellipse
93 524666734 0.0 0.0 ellipse
94 401323889 0.0 0.0 ellipse
95 300132213 0.0 0.0 ellipse
96 120054646 0.0 0.0 ellipse
97 245743117 0.0 0.0 ellipse
98 353797504 0.0 0.0 ellipse
99 82205760 0.0 0.0 ellipse
100 349587947 0.0 0.0 ellipse
101 334922632 0.0 0.0 ellipse
102 262548362 0.0 0.0 ellipse
103 43061644 0.0 0.0 ellipse
104 18591983 0.0 0.0 ellipse
105 597812624 0.0 0.0 ellipse
106 241937812 0.0 0.0 ellipse
107 470185488 0.0 0.0 ellipse
108 422812740 0.0 0.0 ellipse
109 138837743 0.0 0.0 ellipse
110 1243989956 0.0 0.0 ellipse
111 100019107 0.0 0.0 ellipse
112 232135238 0.0 0.0 ellipse
113 2942692265 0.0 0.0 ellipse
114 1402541485 0.0 0.0 ellipse
115 931551151 0.0 0.0 ellipse
116 2713061704 0.0 0.0 ellipse
117 343294899 0.0 0.0 ellipse
118 45509045 0.0 0.0 ellipse
119 375775161 0.0 0.0 ellipse
120 2578874298 0.0 0.0 ellipse
121 365294523 0.0 0.0 ellipse
122 2810566078 0.0 0.0 ellipse
123 270940097 0.0 0.0 ellipse
124 197527492 0.0 0.0 ellipse
125 215381958 0.0 0.0 ellipse
126 61235788 0.0 0.0 ellipse
127 528862668 0.0 0.0 ellipse
128 1009139874 0.0 0.0 ellipse
129 1186322382 0.0 0.0 ellipse
130 160854481 0.0 0.0 ellipse
131 535176493 0.0 0.0 ellipse
132 261863896 0.0 0.0 ellipse
133 2759190550 0.0 0.0 ellipse
134 389438031 0.0 0.0 ellipse
135 384192699 0.0 0.0 ellipse
136 111556576 0.0 0.0 ellipse
137 141966416 0.0 0.0 ellipse
138 1612061666 0.0 0.0 ellipse
139 277586407 0.0 0.0 ellipse
140 237396456 0.0 0.0 ellipse
141 573959659 0.0 0.0 ellipse
142 1493935610 0.0 0.0 ellipse
143 1079386717 0.0 0.0 ellipse
144 189120511 0.0 0.0 ellipse
*edges
1 28 1.0
2 54 1.0
3 83 1.0
3 114 1.0
4 123 1.0
5 122 1.0
6 42 1.0
7 60 1.0
8 78 1.0
8 127 1.0
8 56 1.0
9 64 1.0
10 67 1.0
10 103 1.0
10 107 1.0
10 95 1.0
10 18 1.0
11 90 1.0
11 79 1.0
11 75 1.0
11 120 1.0
11 55 1.0
12 23 1.0
13 117 1.0
14 97 1.0
14 15 1.0
14 16 1.0
14 17 1.0
14 33 1.0
14 20 1.0
14 22 1.0
14 110 1.0
14 119 1.0
14 91 1.0
14 102 1.0
14 108 1.0
14 46 1.0
14 34 1.0
14 80 1.0
14 38 1.0
14 129 1.0
14 130 1.0
14 82 1.0
14 84 1.0
14 74 1.0
14 143 1.0
14 45 1.0
14 87 1.0
14 138 1.0
14 51 1.0
14 93 1.0
14 52 1.0
14 40 1.0
14 144 1.0
15 97 1.0
15 16 1.0
15 17 1.0
15 33 1.0
15 20 1.0
15 22 1.0
15 119 1.0
15 45 1.0
15 110 1.0
15 102 1.0
15 108 1.0
15 87 1.0
15 34 1.0
15 80 1.0
15 38 1.0
15 129 1.0
15 130 1.0
15 82 1.0
15 84 1.0
15 74 1.0
15 143 1.0
15 46 1.0
15 138 1.0
15 51 1.0
15 91 1.0
15 93 1.0
15 52 1.0
15 40 1.0
15 144 1.0
16 97 1.0
16 17 1.0
16 33 1.0
16 20 1.0
16 22 1.0
16 119 1.0
16 45 1.0
16 110 1.0
16 102 1.0
16 108 1.0
16 87 1.0
16 34 1.0
16 80 1.0
16 38 1.0
16 129 1.0
16 130 1.0
16 82 1.0
16 84 1.0
16 74 1.0
16 143 1.0
16 46 1.0
16 138 1.0
16 51 1.0
16 91 1.0
16 93 1.0
16 52 1.0
16 40 1.0
16 144 1.0
17 97 1.0
17 33 1.0
17 20 1.0
17 22 1.0
17 110 1.0
17 119 1.0
17 91 1.0
17 102 1.0
17 108 1.0
17 46 1.0
17 34 1.0
17 80 1.0
17 38 1.0
17 129 1.0
17 130 1.0
17 82 1.0
17 84 1.0
17 74 1.0
17 143 1.0
17 45 1.0
17 87 1.0
17 138 1.0
17 51 1.0
17 93 1.0
17 52 1.0
17 40 1.0
17 144 1.0
18 67 1.0
18 103 1.0
18 107 1.0
18 95 1.0
19 135 1.0
19 134 1.0
20 97 1.0
20 33 1.0
20 22 1.0
20 119 1.0
20 45 1.0
20 110 1.0
20 102 1.0
20 108 1.0
20 87 1.0
20 34 1.0
20 80 1.0
20 38 1.0
20 129 1.0
20 130 1.0
20 82 1.0
20 84 1.0
20 74 1.0
20 143 1.0
20 46 1.0
20 138 1.0
20 51 1.0
20 91 1.0
20 93 1.0
20 52 1.0
20 40 1.0
20 144 1.0
21 125 1.0
22 97 1.0
22 33 1.0
22 119 1.0
22 45 1.0
22 110 1.0
22 102 1.0
22 108 1.0
22 87 1.0
22 34 1.0
22 80 1.0
22 38 1.0
22 129 1.0
22 130 1.0
22 82 1.0
22 84 1.0
22 74 1.0
22 143 1.0
22 46 1.0
22 138 1.0
22 51 1.0
22 91 1.0
22 93 1.0
22 52 1.0
22 40 1.0
22 144 1.0
24 31 1.0
24 101 1.0
24 141 1.0
24 71 1.0
24 37 1.0
24 133 1.0
24 85 1.0
24 68 1.0
25 128 1.0
25 76 1.0
26 63 1.0
27 126 1.0
29 132 1.0
29 121 1.0
30 92 1.0
31 101 1.0
31 141 1.0
31 37 1.0
31 71 1.0
31 133 1.0
31 85 1.0
31 68 1.0
32 113 0.5
32 131 0.5
33 97 1.0
33 110 1.0
33 119 1.0
33 45 1.0
33 102 1.0
33 108 1.0
33 87 1.0
33 34 1.0
33 80 1.0
33 38 1.0
33 129 1.0
33 130 1.0
33 82 1.0
33 84 1.0
33 74 1.0
33 143 1.0
33 46 1.0
33 138 1.0
33 51 1.0
33 91 1.0
33 93 1.0
33 52 1.0
33 40 1.0
33 144 1.0
34 97 1.0
34 108 1.0
34 119 1.0
34 45 1.0
34 110 1.0
34 102 1.0
34 87 1.0
34 80 1.0
34 38 1.0
34 129 1.0
34 130 1.0
34 82 1.0
34 84 1.0
34 74 1.0
34 143 1.0
34 46 1.0
34 138 1.0
34 51 1.0
34 91 1.0
34 93 1.0
34 52 1.0
34 40 1.0
34 144 1.0
35 94 1.0
36 70 1.0
37 101 1.0
37 141 1.0
37 71 1.0
37 133 1.0
37 85 1.0
37 68 1.0
38 97 1.0
38 108 1.0
38 110 1.0
38 119 1.0
38 45 1.0
38 91 1.0
38 102 1.0
38 87 1.0
38 80 1.0
38 129 1.0
38 130 1.0
38 82 1.0
38 84 1.0
38 74 1.0
38 143 1.0
38 46 1.0
38 138 1.0
38 51 1.0
38 93 1.0
38 52 1.0
38 40 1.0
38 144 1.0
39 66 1.0
40 97 1.0
40 119 1.0
40 45 1.0
40 110 1.0
40 102 1.0
40 108 1.0
40 87 1.0
40 80 1.0
40 129 1.0
40 130 1.0
40 82 1.0
40 84 1.0
40 74 1.0
40 143 1.0
40 46 1.0
40 138 1.0
40 51 1.0
40 91 1.0
40 93 1.0
40 52 1.0
40 144 1.0
41 106 1.0
43 112 1.0
44 77 1.0
45 97 1.0
45 108 1.0
45 110 1.0
45 119 1.0
45 91 1.0
45 102 1.0
45 87 1.0
45 80 1.0
45 129 1.0
45 130 1.0
45 82 1.0
45 84 1.0
45 74 1.0
45 143 1.0
45 46 1.0
45 138 1.0
45 51 1.0
45 93 1.0
45 52 1.0
45 144 1.0
46 97 1.0
46 108 1.0
46 110 1.0
46 119 1.0
46 91 1.0
46 102 1.0
46 80 1.0
46 129 1.0
46 130 1.0
46 82 1.0
46 84 1.0
46 74 1.0
46 143 1.0
46 87 1.0
46 138 1.0
46 51 1.0
46 93 1.0
46 52 1.0
46 144 1.0
47 48 1.0
47 81 1.0
48 81 1.0
49 69 1.0
50 136 1.0
51 97 1.0
51 93 1.0
51 74 1.0
51 110 1.0
51 102 1.0
51 108 1.0
51 80 1.0
51 82 1.0
51 130 1.0
51 129 1.0
51 84 1.0
51 119 1.0
51 143 1.0
51 87 1.0
51 138 1.0
51 91 1.0
51 52 1.0
51 144 1.0
52 97 1.0
52 119 1.0
52 110 1.0
52 102 1.0
52 108 1.0
52 87 1.0
52 80 1.0
52 129 1.0
52 130 1.0
52 82 1.0
52 84 1.0
52 74 1.0
52 143 1.0
52 138 1.0
52 91 1.0
52 93 1.0
52 144 1.0
53 98 1.0
53 96 1.0
55 90 1.0
55 79 1.0
55 75 1.0
55 120 1.0
56 78 1.0
56 127 1.0
57 72 1.0
58 62 1.0
59 124 1.0
61 115 1.0
65 88 1.0
67 103 1.0
67 107 1.0
67 95 1.0
68 71 1.0
68 141 1.0
68 101 1.0
68 133 1.0
68 85 1.0
71 101 1.0
71 141 1.0
71 133 1.0
71 85 1.0
73 86 1.0
74 97 1.0
74 108 1.0
74 110 1.0
74 119 1.0
74 91 1.0
74 102 1.0
74 87 1.0
74 80 1.0
74 129 1.0
74 130 1.0
74 82 1.0
74 84 1.0
74 143 1.0
74 138 1.0
74 93 1.0
74 144 1.0
75 90 1.0
75 79 1.0
75 120 1.0
76 128 1.0
78 127 1.0
79 90 1.0
79 120 1.0
80 97 1.0
80 110 1.0
80 119 1.0
80 91 1.0
80 102 1.0
80 108 1.0
80 87 1.0
80 129 1.0
80 130 1.0
80 82 1.0
80 84 1.0
80 143 1.0
80 138 1.0
80 93 1.0
80 144 1.0
82 97 1.0
82 110 1.0
82 119 1.0
82 91 1.0
82 102 1.0
82 108 1.0
82 87 1.0
82 129 1.0
82 130 1.0
82 84 1.0
82 143 1.0
82 138 1.0
82 93 1.0
82 144 1.0
83 114 1.0
84 97 1.0
84 110 1.0
84 119 1.0
84 91 1.0
84 102 1.0
84 108 1.0
84 87 1.0
84 129 1.0
84 130 1.0
84 143 1.0
84 138 1.0
84 93 1.0
84 144 1.0
85 101 1.0
85 141 1.0
85 133 1.0
87 97 1.0
87 110 1.0
87 119 1.0
87 91 1.0
87 102 1.0
87 108 1.0
87 129 1.0
87 130 1.0
87 143 1.0
87 138 1.0
87 93 1.0
87 144 1.0
89 111 1.0
90 120 1.0
91 97 1.0
91 110 1.0
91 102 1.0
91 108 1.0
91 129 1.0
91 130 1.0
91 119 1.0
91 143 1.0
91 138 1.0
91 93 1.0
91 144 1.0
93 97 1.0
93 119 1.0
93 110 1.0
93 102 1.0
93 108 1.0
93 129 1.0
93 130 1.0
93 143 1.0
93 138 1.0
93 144 1.0
95 107 1.0
95 103 1.0
96 98 1.0
97 110 1.0
97 102 1.0
97 108 1.0
97 129 1.0
97 130 1.0
97 119 1.0
97 143 1.0
97 138 1.0
97 144 1.0
99 137 1.0
100 118 1.0
101 141 1.0
101 133 1.0
102 110 1.0
102 119 1.0
102 108 1.0
102 130 1.0
102 129 1.0
102 143 1.0
102 138 1.0
102 144 1.0
103 107 1.0
104 140 1.0
104 109 1.0
105 142 1.0
108 110 1.0
108 129 1.0
108 130 1.0
108 119 1.0
108 143 1.0
108 138 1.0
108 144 1.0
109 140 1.0
110 130 1.0
110 129 1.0
110 119 1.0
110 143 1.0
110 138 1.0
110 144 1.0
113 131 0.5
116 139 1.0
119 129 1.0
119 130 1.0
119 143 1.0
119 138 1.0
119 144 1.0
121 132 1.0
129 130 1.0
129 143 1.0
129 138 1.0
129 144 1.0
130 143 1.0
130 138 1.0
130 144 1.0
133 141 1.0
134 135 1.0
138 143 1.0
138 144 1.0
143 144 1.0
